100 4 96 4
100 6 79 21
100 8 76 24
100 10 74 26
100 12 67 33
100 14 69 31
100 16 64 36
100 18 58 42
100 20 50 50
100 22 61 39
100 24 57 43
100 26 60 40
100 28 48 52
100 30 49 51
100 32 50 50
100 34 44 56
100 36 47 53
100 38 43 57
100 40 37 63
100 42 44 56
100 44 36 64
100 46 41 59
100 48 43 57
100 50 33 67
100 52 47 53
100 54 46 54
100 56 44 56
100 58 44 56
100 60 52 48
100 62 40 60
100 64 53 47
100 66 43 57
100 68 51 49
100 70 43 57
100 72 47 53
100 74 43 57
100 76 49 51
100 78 53 47
100 80 47 53
100 82 49 51
100 84 53 47
100 86 48 52
100 88 52 48
100 90 54 46
100 92 54 46
100 94 50 50
100 96 53 47
100 98 55 45
100 100 57 43
100 102 55 45
100 104 56 44
100 106 52 48
100 108 54 46
100 110 60 40
100 112 64 36
100 114 62 38
100 116 60 40
100 118 59 41
100 120 61 39
100 122 68 32
100 124 71 29
100 126 63 37
100 128 64 36
100 130 56 44
100 132 69 31
100 134 68 32
100 136 57 43
100 138 60 40
100 140 63 37
100 142 68 32
100 144 65 35
100 146 59 41
100 148 70 30
100 150 75 25
100 152 62 38
100 154 62 38
100 156 67 33
100 158 58 42
100 160 70 30
100 162 70 30
100 164 65 35
100 166 77 23
100 168 66 34
100 170 71 29
100 172 75 25
100 174 72 28
100 176 70 30
100 178 74 26
100 180 72 28
100 182 71 29
100 184 75 25
100 186 69 31
100 188 77 23
100 190 70 30
100 192 72 28
100 194 79 21
100 196 73 27
100 198 75 25
100 200 76 24
